2 0 0 0 0 0 0 0 0 0 0 0 0 0 0 0 0 0 0 0 0 0 0 0 0 10 10 40
4 1 0 0 0 0 0 0 0 0 0 0 0 0 0 0 0 0 0 0 0 0 0 0 0 9 10 60
6 2 0 0 0 0 0 0 0 0 0 0 0 0 0 0 0 0 0 0 0 0 0 0 0 8 10 80
10 2 0 0 0 1 0 0 0 0 0 0 0 0 0 0 0 0 0 0 0 0 0 0 0 8 10 100
12 4 0 0 0 2 0 0 0 0 0 0 0 0 0 0 0 0 0 0 0 0 0 0 0 8 10 100
15 5 0 0 0 0 0 0 0 0 1 0 0 0 0 0 0 0 0 0 0 0 0 0 0 7 9 100
20 6 0 0 0 0 0 0 0 0 2 0 0 0 0 0 0 0 0 0 0 0 0 0 0 7 9 100
15 10 0 0 0 0 0 0 0 0 3 0 0 0 0 0 0 0 0 0 0 0 0 0 0 7 9 100
10 15 3 0 0 0 0 0 0 0 0 0 0 0 0 0 0 0 0 0 0 0 0 0 0 5 8 100
15 20 10 0 0 0 0 0 0 0 0 0 0 0 0 0 0 0 0 0 0 0 0 0 0 5 8 100
5 20 15 0 0 0 0 0 0 0 0 0 0 0 0 1 0 0 0 0 0 0 0 0 0 5 8 100
5 20 20 0 0 2 0 0 0 0 0 0 0 0 0 2 0 0 0 0 0 0 0 0 0 5 8 100
5 5 30 0 0 5 0 0 0 0 0 0 0 0 0 5 0 0 0 0 0 0 0 0 0 3 5 100
5 5 30 0 0 0 5 0 0 0 0 0 0 0 0 5 0 0 0 0 0 0 0 0 0 3 5 100
5 5 30 0 0 0 5 0 0 0 0 5 0 0 0 5 3 0 0 0 0 0 0 0 0 3 5 100
0 0 30 0 0 0 5 0 0 0 0 5 0 0 0 5 0 0 0 0 0 0 0 0 0 3 5 100
0 0 30 0 0 0 5 0 0 0 0 10 0 0 0 1 0 0 0 0 0 0 0 0 0 2 4 100
150 0 0 0 0 75 0 0 0 0 23 0 0 0 0 10 0 0 0 0 4 0 0 0 0 2 4 100
0 0 30 0 0 0 0 10 0 0 0 5 0 0 0 1 10 0 0 0 0 0 0 0 0 2 4 100
0 0 30 0 0 0 0 10 0 0 0 0 10 0 0 0 10 0 0 0 0 10 0 0 0 1 3 100
0 0 0 30 0 0 0 10 0 0 0 0 10 0 0 0 12 0 0 0 0 10 0 0 0 1 3 100
0 0 0 30 0 0 0 10 0 0 0 0 10 0 0 0 14 0 0 0 0 10 0 0 0 0 1 100
0 0 0 30 0 0 0 10 0 0 0 0 10 0 0 0 16 0 0 0 0 10 0 0 0 0 1 100
0 0 0 30 0 0 0 10 0 0 0 0 10 0 0 0 18 0 0 0 0 10 0 0 0 0 1 100
0 0 0 30 0 0 0 10 0 0 0 0 10 0 0 0 20 0 0 0 0 10 0 0 0 0 1 100
0 0 0 30 0 0 0 10 0 0 0 0 10 0 0 0 22 0 0 0 0 10 0 0 0 0 1 100
0 0 0 30 0 0 0 10 0 0 0 0 10 0 0 0 24 0 0 0 0 10 0 0 0 0 1 100
0 0 0 30 0 0 0 10 0 0 0 0 10 0 0 0 26 0 0 0 0 10 0 0 0 0 1 100
0 0 0 30 0 0 0 10 0 0 0 0 10 0 0 0 28 0 0 0 0 10 0 0 0 0 1 100
0 0 0 30 0 0 0 0 10 0 0 0 0 10 0 0 30 0 0 0 0 0 10 0 0 0 1 100
0 0 0 0 30 0 0 0 10 0 0 0 0 10 0 0 0 28 0 0 0 0 10 0 0 0 1 100
0 0 0 0 30 0 0 0 10 0 0 0 0 10 0 0 0 30 0 0 0 0 10 0 0 0 1 100
0 0 0 0 30 0 0 0 10 0 0 0 0 10 0 0 0 32 0 0 0 0 10 0 0 0 1 100
0 0 0 0 30 0 0 0 10 0 0 0 0 10 0 0 0 34 0 0 0 0 10 0 0 0 1 100
0 0 0 0 30 0 0 0 10 0 0 0 0 10 0 0 0 36 0 0 0 0 10 0 0 0 1 100
0 0 0 0 30 0 0 0 10 0 0 0 0 10 0 0 0 38 0 0 0 0 10 0 0 0 1 100
0 0 0 0 30 0 0 0 10 0 0 0 0 10 0 0 0 40 0 0 0 0 10 0 0 0 1 100
0 0 0 0 30 0 0 0 10 0 0 0 0 10 0 0 0 42 0 0 0 0 10 0 0 0 1 100
0 0 0 0 30 0 0 0 10 0 0 0 0 10 0 0 0 44 0 0 0 0 10 0 0 0 1 100
0 0 0 0 30 0 0 0 0 10 0 0 0 0 10 0 0 0 42 0 0 0 0 10 0 0 1 100
0 0 0 0 100 0 0 0 0 10 0 0 0 0 10 0 0 0 44 0 0 0 0 10 1 0 1 100
0 0 0 0 100 0 0 0 0 10 0 0 0 0 10 0 0 0 46 0 0 0 0 10 5 0 1 100
0 0 0 0 100 0 0 0 0 10 0 0 0 0 10 0 0 0 48 0 0 0 0 10 10 0 1 100
0 0 0 0 100 0 0 0 0 10 0 0 0 0 10 0 0 0 50 0 0 0 0 10 20 0 1 100
0 0 0 0 100 0 0 0 0 10 0 0 0 0 10 0 0 0 52 0 0 0 0 10 30 0 1 100
0 0 0 0 100 0 0 0 0 10 0 0 0 0 10 0 0 0 54 0 0 0 0 10 50 0 1 100
0 0 0 0 100 0 0 0 0 10 0 0 0 0 10 0 0 0 56 0 0 0 0 10 70 0 1 100
0 0 0 0 100 0 0 0 0 10 0 0 0 0 10 0 0 0 58 0 0 0 0 10 80 0 1 100
0 0 0 0 100 0 0 0 0 10 0 0 0 0 10 0 0 0 60 0 0 0 0 10 90 0 1 100
0 0 0 0 999 0 0 0 0 100 0 0 0 0 100 0 0 0 0 100 0 0 0 0 100 0 1 100

