n
n
n
10 5 2 0 0 17 8 10
20 10 3 1 0 34 8 10
30 15 14 1 50 7 9
40 20 5 0 1 66 7 9
50 25 6 3 0 84 7 9
60 30 7 5 0 102 5 8
70 35 8 0 2 115 5 8
80 40 9 5 1 135 5 8
90 45 10 7 0 152 5 8
100 50 12 0 3 165 3 5
110 55 14 7 2 188 3 5
120 60 16 9 0 205 3 5
130 65 18 0 4 217 3 5
140 70 20 9 3 242 2 4
150 75 23 10 4 262 2 4
160 80 26 11 5 282 2 4
170 85 29 12 7 303 1 3
180 90 32 13 10 325 1 3
190 95 35 15 15 350 0 1
200 100 38 17 20 375 0 1
210 105 41 19 25 400 0 1
220 110 44 21 30 425 0 1
230 115 47 23 35 450 0 1